76.016 -35.4605 19.0905 
-70.4737 -42.5306 35.664 
58.4761 7.45434 63.4188 
-55.6042 12.1875 -88.641 
46.912 -39.4268 -48.6771 
-52.7105 -64.2255 41.6446 
49.5412 -8.81396 71.5088 
17.745 -27.6387 -35.9423 
-8.1358 -0.114226 85.9937 
-105.636 27.5536 -88.2046 
91.5235 -2.23261 3.04005 
-106.429 47.7302 -70.8331 
-38.8866 -37.5812 19.9217 
67.8368 17.5794 -78.22 
-42.5693 -49.3608 31.7235 
-94.9513 17.8237 -96.9991 
13.7795 -14.7345 87.672 
101.975 -34.7652 47.4371 
17.4674 -26.2897 -58.3488 
70.487 18.8956 84.8163 
-32.8365 -41.0219 8.23506 
91.1652 -34.0084 1.2537 
45.8585 11.6828 114.368 
35.7573 -93.9411 12.4216 
93.4025 -38.8154 -18.5779 
-36.9227 -39.7293 31.225 
33.8286 7.85269 90.4809 
15.5899 -24.9561 111.918 
30.5141 -2.69734 106.476 
54.1779 29.7136 -20.3002 
-91.3949 4.09413 -55.2209 
-89.1702 5.92505 -88.5046 
40.4022 -83.3078 -19.3992 
-19.8085 -46.404 78.2399 
7.82402 16.7168 92.4609 
-105.723 3.76991 -125.784 
-53.1056 -52.1832 32.4752 
-34.9469 -62.4215 11.3518 
76.4537 -42.6791 -9.11539 
-35.6667 -74.4485 19.4208 
89.5983 -28.6448 31.0547 
-40.0117 -24.8544 25.2318 
-19.5483 4.43358 58.7256 
29.8206 19.5077 111.904 
-93.6248 30.0469 -46.8916 
16.7309 11.0574 77.6916 
-42.7095 -25.6495 31.4861 
-45.1348 -49.0808 24.6446 
-106.398 -14.5575 -97.2432 
7.93222 9.06051 89.0005 
-71.6487 -47.0039 21.0238 
0.817387 -13.2971 99.6447 
-48.1555 -43.1704 26.3958 
37.2374 0.958836 104.087 
127.56 -22.9615 -42.0704 
73.022 -64.2971 -35.7955 
108.726 -30.787 4.00299 
-90.0561 -17.3923 -102.146 
113.304 -97.6684 14.5068 
-39.8212 -40.1223 35.4649 
13.5239 29.3403 97.9638 
-91.3638 7.86964 -83.6825 
21.5619 29.9296 83.8345 
-60.7598 6.29969 -78.9246 
2.42382 -29.3856 -68.9611 
16.3315 11.6743 83.3215 
18.0455 -7.28438 85.9862 
106.878 -91.2811 -27.8911 
-5.71272 -8.05614 100.237 
-140.166 2.78868 -75.1526 
-99.1004 12.6764 -99.4924 
-41.8945 -26.845 16.1153 
12.9222 24.2478 89.2854 
134.941 -99.5222 -23.2006 
88.9807 -2.1966 -121.153 
129.518 -23.8278 64.6144 
34.8055 58.7051 115.028 
61.97 -104.662 -35.7671 
-38.7869 -68.0214 11.1491 
105.098 26.2892 -16.1707 
-85.0322 38.9896 -109.894 
-110.923 -1.1813 -19.2504 
-98.2395 34.1964 -100.578 
-55.3217 -47.1715 30.2502 
100.979 -79.76 -4.17683 
86.2184 23.7399 30.7377 
-68.3128 29.337 -51.4238 
50.3873 -83.4908 48.8405 
-122.296 36.8844 -69.9924 
7.70968 9.5678 85.9412 
34.2738 3.28964 57.911 
50.4158 -9.95739 110.043 
71.1616 -38.8294 22.4717 
76.7857 -118.319 43.828 
76.1722 -98.9824 -54.5935 
-38.467 -37.0699 6.4736 
32.7302 17.2268 83.3605 
24.5828 14.0834 86.9619 
-3.57859 22.3623 75.4582 
-125.306 31.0402 -84.6852 
-41.541 -45.7777 29.0911 
57.9251 -37.2398 107.577 
-81.2443 5.59387 -94.058 
-22.48 11.4147 86.4167 
-47.7136 -44.8262 25.9087 
11.4678 23.621 115.889 
111.094 -55.4307 22.026 
-43.8475 -30.1836 28.5108 
40.1386 -3.9208 81.522 
51.2694 -39.8981 43.3115 
-11.6146 -65.979 -6.6041 
-45.0625 -52.2856 19.8753 
27.0821 -46.5211 3.08506 
-47.2301 -47.074 40.6002 
25.4037 67.7604 109.732 
36.157 -102.355 -15.2628 
-41.5979 -39.3778 48.8009 
-81.3172 -37.7698 -80.7534 
-47.2304 -47.2064 18.6254 
22.545 31.8562 83.3158 
-64.5666 50.5713 -51.4944 
34.6339 -65.5746 -28.8906 
14.2525 53.0491 44.8243 
95.5629 -61.475 -29.0176 
25.8988 -87.679 -31.6284 
-59.4917 -42.4254 38.8039 
-125.444 46.8161 -54.374 
-89.2082 6.88886 -55.9738 
134.364 -31.6595 29.9328 
79.6334 -13.8327 12.3186 
36.6067 19.6553 64.2189 
58.2274 20.046 85.2739 
-49.6993 -32.8114 12.1213 
-127.807 32.194 -91.1102 
93.9005 -85.0809 -27.2523 
-53.6359 -36.5738 43.3279 
-43.6146 -38.1614 21.0097 
61.8081 14.5095 39.1226 
53.8859 -7.62965 -18.0775 
-73.8325 3.74845 -94.9284 
-83.5321 17.655 -80.8436 
27.5602 -15.7297 45.2429 
-59.163 -49.2786 33.2094 
-47.4398 -33.1259 35.3454 
-34.7304 -61.2998 32.2157 
-51.3588 -60.2457 45.0171 
-102.594 -1.99692 -98.6758 
-88.6718 16.5957 -102.619 
85.2762 -63.5626 -8.42314 
37.1795 50.4978 95.825 
-108.892 -3.25761 -57.7973 
36.8737 6.81501 50.9486 
52.4256 13.437 87.1478 
17.242 -22.2842 33.2593 
-23.3143 -38.5173 29.9922 
-80.5662 3.65424 -98.3673 
-52.2078 -38.8346 49.9077 
119.012 -24.1679 -33.7283 
-109.129 20.2755 -94.5014 
31.3006 4.20655 126.153 
73.9366 -39.5133 -40.5793 
66.1679 -96.8449 -15.0918 
11.0837 -42.3085 11.7244 
95.7644 -50.7223 -51.4909 
123.913 -61.8635 -3.43945 
-98.2183 -0.789383 -103.229 
-113.255 23.5502 -55.4617 
-93.4473 5.85715 -70.3486 
-71.1013 -31.3911 -114.288 
-68.0715 -63.9833 29.93 
47.9415 28.2596 72.8961 
-89.3898 6.69417 -60.3655 
-50.5918 -46.7574 44.2837 
-21.404 -30.1656 22.109 
-60.7846 -33.5651 22.1042 
61.3854 2.6633 -14.5213 
42.3511 35.519 75.0862 
22.3931 -37.1348 114.46 
38.7375 19.6936 94.7307 
-40.6968 -60.5727 31.2751 
106.301 -34.231 31.0534 
-58.3386 -44.3563 46.833 
-79.5994 3.75509 -61.0063 
-112.226 30.3385 -104.391 
143.789 -56.685 -46.7165 
-34.8317 -40.8202 36.956 
85.886 -15.7514 14.3115 
85.9802 -52.7616 38.5553 
-113.787 10.8743 -92.8898 
-45.2423 -41.3507 -5.4418 
-65.8254 -51.7613 25.338 
12.3503 4.36887 46.6422 
31.0628 0.351299 96.2907 
71.2882 -23.303 -38.5571 
81.876 -119.713 21.1298 
20.9519 13.5406 66.3036 
-57.5322 -57.0436 12.3113 
106.759 -27.2549 23.8053 
68.2764 23.0391 101.252 
39.1691 -4.32423 84.4141 
111.194 -67.2029 58.8708 
-42.2075 -54.2959 19.2431 
28.4506 14.6001 136.577 
64.9491 -67.2023 1.1706 
57.006 -12.4131 -32.0907 
-114.643 8.55493 -88.0001 
77.6673 29.3536 36.0866 
10.8901 13.6148 80.616 
55.123 11.7243 87.5547 
-38.6574 -53.5386 25.3125 
7.75754 10.4815 59.1247 
12.8989 -5.39014 81.344 
-53.9083 -25.2051 9.47087 
31.2562 -18.8509 13.9955 
29.8524 -6.45339 -0.888732 
27.9856 29.6464 80.7752 
-109.785 22.825 -82.5323 
-64.2892 -35.8214 25.8222 
-100.377 34.1892 -81.2393 
52.9951 14.135 32.0194 
24.9735 -57.602 -16.6494 
-19.3662 -53.8778 28.9161 
61.4099 -107.587 15.8962 
29.4236 18.6421 65.2946 
-25.4792 -6.92346 62.2225 
-15.8819 25.3482 75.7218 
-3.70837 -0.159887 75.1702 
54.4031 -40.9973 58.118 
-113.389 -8.86903 -94.0242 
54.8886 -4.56647 42.924 
-27.8822 -45.4403 29.9206 
36.8942 -55.5873 3.75796 
-78.8601 14.6491 -35.6231 
27.1207 -48.4521 83.2287 
76.3742 -54.049 -35.7209 
71.1646 -90.1646 -12.6513 
-80.4716 -19.2635 -83.7278 
-101.664 -1.82592 -65.7568 
64.1016 25.9111 -64.605 
45.7018 -76.9888 11.8677 
12.6119 -46.1723 12.5436 
69.3021 -3.66306 26.4481 
1.10059 9.69597 75.3529 
-125.753 29.6995 -33.8837 
-29.9499 -34.2404 15.2935 
-60.6462 52.7977 -124.705 
45.948 43.4205 116.286 
-50.5987 -28.1104 28.1223 
-31.6218 -52.3417 14.8928 
4.28728 16.6744 57.7155 
-4.89274 22.6323 87.7448 
-107.829 26.1482 -82.6045 
-13.8307 39.0589 107.293 
-92.9819 51.1809 -73.9703 
14.7892 15.5712 111.64 
-47.9835 -43.0748 5.76886 
29.1303 12.8779 69.8521 
-15.3855 -45.4804 9.79472 
15.5545 -0.214215 89.4745 
66.653 25.2781 131.393 
-50.0977 -22.2266 46.2693 
-44.9786 -31.0516 17.909 
64.2951 -58.8956 56.2705 
-36.181 -43.526 26.8938 
81.1384 -20.7461 -20.8901 
-105.878 7.94839 -78.0615 
-34.6001 -50.9996 15.9441 
87.0762 -75.7776 2.278 
129.528 -34.9684 -8.13464 
109.638 -29.5988 19.8839 
-96.7499 10.3066 -71.9311 
-32.6107 -47.4889 40.3643 
4.6788 -14.74 96.4988 
-97.6475 11.7266 -71.3166 
80.7631 -5.72253 20.1522 
-105.609 -20.361 -53.0926 
-98.8414 35.9948 -80.9495 
-86.6098 1.8821 -95.986 
21.4279 18.5362 110.267 
30.6126 20.286 79.8135 
46.0264 -65.0328 18.4937 
-46.1981 -47.971 33.053 
-102.401 33.6186 -96.973 
21.0787 0.560101 118.629 
47.1194 -70.7597 58.1398 
-12.7913 1.94053 86.7022 
-55.1934 -28.495 26.3003 
-61.7033 -7.10535 -78.2407 
-60.8214 -27.889 32.4618 
-30.1556 -48.0427 19.8968 
-137.078 3.45365 -74.1118 
12.8057 -4.36225 118.523 
-63.8031 -41.7187 13.9487 
33.2736 18.3797 68.0151 
35.2533 -49.1501 19.2233 
94.2001 -60.6621 42.7565 
-89.3592 16.575 -86.8735 
53.6444 -50.1493 0.583584 
19.2041 43.6994 136.942 
43.4242 3.35559 99.0827 
7.40527 56.5228 80.5799 
-35.5342 -26.1684 60.5428 
21.3239 22.8484 89.1686 
-37.3259 -46.7064 38.3487 
103.285 -38.8815 -29.8103 
103.651 -39.1489 -45.7211 
27.8235 42.8196 89.277 
-93.1018 14.4618 -112.709 
113.974 -26.1425 30.7041 
35.7794 9.38227 71.3193 
-41.6811 -51.892 28.1049 
-5.09198 37.7737 105.542 
-72.652 -3.43689 -76.35 
-99.3454 -12.6062 -87.6996 
-52.5328 -38.2802 21.5896 
109.715 -49.2267 35.4506 
60.3993 -70.775 41.9609 
74.726 -46.1026 -36.7932 
59.6109 -18.3909 -7.82662 
0.134789 -46.7271 1.41765 
72.39 -80.1918 -78.4267 
62.3766 -72.5322 10.1946 
35.5052 -14.6004 74.4133 
38.8871 15.7924 97.9965 
-43.2683 -40.2299 49.3468 
53.2062 -29.6354 -14.9326 
-96.249 -0.557892 -121.523 
30.3598 -8.58834 68.776 
-53.9606 -41.0755 48.9591 
-71.3034 23.6292 -63.8649 
-41.6171 -42.6326 20.3637 
109.026 -46.5793 60.7665 
-131.173 17.4081 -130.531 
-44.876 -35.2796 17.6027 
-43.3415 -37.1499 42.3151 
-11.969 -12.8679 98.3709 
26.7346 35.7898 117.171 
-90.6513 5.4166 -73.0213 
-78.4412 -7.88531 -82.6007 
-4.04306 1.44211 83.2149 
-76.1974 26.666 -82.8479 
104.38 -5.31384 -38.4861 
-83.1754 9.54714 -99.6778 
-115.644 52.6753 -81.3069 
-103.283 19.642 -75.3668 
36.2895 -11.2537 -24.9698 
-44.1901 -29.6006 30.1442 
95.354 -54.633 -45.4591 
-65.6479 -25.8936 16.9693 
-48.752 -50.0511 30.675 
-61.9286 -38.4641 4.98086 
-49.042 -70.6584 28.9642 
-117.372 18.807 -92.4609 
-104.875 22.2141 -108.039 
64.6179 -30.7975 -6.94074 
106.258 -83.0881 30.9046 
10.2384 0.843298 67.895 
-93.9238 16.305 -41.2751 
-19.2189 33.4819 85.373 
-65.4271 -72.2629 26.4327 
54.5596 -66.1665 -57.8228 
103.358 41.8805 -43.8 
45.8099 -1.54817 101.41 
110.131 -55.3133 26.1094 
-52.2873 57.1399 -98.4372 
22.9086 -5.28861 84.3082 
-93.55 -22.0945 -41.3053 
-43.8757 -41.9055 19.4216 
33.0756 25.6809 82.5942 
-7.93197 34.9552 60.5104 
69.0394 -51.0525 -59.351 
-11.8756 21.7115 48.3519 
13.6425 7.05777 53.7618 
106.475 -30.1733 -4.9324 
-38.5859 -50.8685 19.9192 
128.081 -45.2584 0.31289 
-104.123 6.75054 -48.6857 
-39.8817 -60.8638 12.7393 
141.41 -72.1157 -17.0337 
-3.2186 8.26909 92.2061 
-104.529 57.3145 -55.8599 
22.8727 2.93279 106.518 
84.0911 -9.88403 34.7919 
21.9949 -33.0409 90.7496 
64.8061 -108.887 30.4034 
-23.3124 -56.1113 40.2958 
39.6768 -7.41973 77.503 
-120.045 10.9828 -108.928 
16.9978 25.939 81.2792 
-66.3708 5.89819 -40.8304 
26.3997 -70.3789 28.139 
-51.1424 -32.362 29.0526 
-65.4732 -37.9577 25.1541 
33.8847 -35.6628 -25.8232 
-43.4061 -49.6019 24.6624 
-74.4812 18.8032 -122.815 
-48.6911 -63.4708 24.8465 
-38.7284 -24.8219 18.4167 
-55.9368 -44.0643 26.0036 
-45.109 -46.8815 24.9889 
79.5297 21.9521 -98.2837 
24.5762 -10.4496 58.3639 
30.5207 34.1878 64.656 
-102.495 38.5944 -58.302 
-64.0884 10.5027 -98.1697 
-44.6209 -34.944 20.1893 
-49.9528 -41.6854 20.6385 
50.9998 -63.2069 24.9023 
-16.429 23.57 73.832 
-43.4434 -35.4544 27.9238 
-101.265 39.7115 -95.3878 
-78.4768 0.873645 -95.1056 
38.5084 -21.3595 36.7889 
-81.535 1.90546 -78.5466 
74.9246 -78.2831 -61.1124 
-142.891 35.5012 -64.0285 
43.1301 -1.4782 89.3218 
50.3352 2.17167 109.482 
-113.44 18.6752 -97.1363 
73.4165 -20.5594 92.3454 
-46.413 -28.9754 12.0151 
3.57034 12.0139 93.41 
-58.4454 -55.9356 37.1554 
-81.8594 32.9059 -63.5655 
-107.945 27.2401 -95.115 
67.0111 57.2628 87.9168 
-56.4041 -50.4001 30.5969 
114.574 -36.2977 -25.0841 
-113.52 4.082 -110.238 
-57.6592 -47.3196 38.3075 
-40.9781 -55.0708 30.8605 
-112.479 22.2598 -51.5224 
-42.8077 -54.1575 15.1239 
-106.196 -1.89202 -124.731 
-48.1258 -31.3969 14.9428 
-37.303 -32.47 23.6518 
69.5745 -80.3762 -7.71674 
-47.6122 -42.5708 19.0931 
-6.1193 -41.4801 -11.1865 
-38.4285 -37.9925 35.9096 
72.3968 -51.7541 37.4137 
-39.2928 -53.7897 -5.22777 
11.9277 30.6645 78.3895 
107.311 -30.9536 -28.9775 
-53.1332 -35.5413 40.9951 
-71.6723 11.1505 -89.8511 
-97.8776 49.9357 -88.2503 
-36.2748 -50.245 24.8573 
80.4425 -64.6477 -23.3993 
8.93366 59.1545 98.8235 
-54.9031 -45.6347 40.8185 
-37.2843 -44.0956 50.2716 
-93.3003 15.6712 -75.9952 
-42.3918 -49.8732 16.8129 
30.5979 33.1611 112.437 
-57.4467 -28.633 19.777 
-88.6732 25.8446 -39.5286 
-118.85 13.6314 -96.3439 
-39.7555 -53.0821 35.1361 
0.0603008 -18.021 71.7187 
-111.992 -15.1429 -112.258 
-51.7304 -52.8536 4.99327 
-114.61 -9.22392 -59.0145 
70.8302 -18.1449 15.3924 
-17.1001 -46.9967 20.9125 
-43.4392 -42.6686 43.2879 
19.5532 -19.6599 81.8834 
16.017 -0.482443 115.168 
-103.363 9.06587 -81.9577 
-95.5146 4.19288 -98.6861 
-133.439 40.8043 -99.9616 
-37.8258 -59.389 48.2746 
1.59486 -34.5444 85.8672 
6.31492 -12.8613 35.4939 
-53.0869 -37.6518 36.0734 
-11.0596 -37.0301 11.0745 
36.3899 -13.4045 5.9851 
52.5647 -129.941 -21.1572 
85.0076 -64.1507 0.431075 
-43.1198 -45.7741 38.0144 
81.9452 -9.39859 -4.86998 
106.412 -122.666 -58.1317 
21.6029 -5.44553 106.402 
-40.814 -16.8572 30.5116 
37.1705 9.30164 86.0781 
60.4163 -69.0919 -1.19028 
-48.9752 -44.3805 15.583 
-6.02857 -18.1641 74.4915 
31.2678 27.8252 99.6472 
42.0139 15.0231 133.011 
-47.5303 -45.9068 2.88115 
19.4866 -32.6664 133.72 
-130.917 31.9944 -121.375 
-98.0325 2.8293 -122.43 
80.0395 -27.2941 20.1353 
-91.1019 27.0691 -99.1915 
4.26645 -8.12174 86.8966 
-43.5561 -35.3644 23.8787 
71.8632 -84.3309 49.2448 
-44.195 -52.3877 30.2373 
-90.1359 34.0824 -95.7368 
31.6196 41.5988 72.9233 
35.6317 -21.17 19.0251 
-39.925 -55.4674 15.8968 
49.1467 29.2412 111.684 
-53.9245 -52.1379 53.5069 
12.5341 -8.6033 81.1071 
-40.4353 -19.6732 2.23495 
-86.7819 23.7838 -66.0915 
-103.432 12.9402 -43.942 
-91.3286 15.6864 -104.487 
-98.5549 7.59906 -75.7379 
-44.394 -47.6242 29.4213 
-92.2562 28.2665 -46.0149 
-81.3733 33.3777 -99.0374 
-122.192 11.3904 -62.2071 
-39.7428 -46.3067 33.4169 
-51.7787 -39.6808 42.1287 
-33.5324 -30.5727 30.8702 
88.8866 -39.7454 17.7817 
39.6561 -41.5833 19.0082 
-10.6283 -69.2966 -30.9005 
102.485 -10.1033 -78.3782 
-126.544 6.3622 -62.5611 
-9.36749 -22.2555 33.4023 
-10.097 15.9494 105.098 
19.5147 -12.0093 80.7866 
24.8956 -22.5668 107.633 
-28.9621 -33.6005 21.2744 
24.6978 -2.0506 88.0337 
7.75734 -5.54451 108.013 
-28.5301 9.11023 5.61509 
-93.6456 -18.1562 -92.6408 
27.2929 11.6413 93.4952 
104.973 -94.8816 40.5624 
-95.6779 27.3456 -91.0793 
6.95398 -44.8572 90.0633 
-87.8496 30.8375 -75.5989 
-72.6435 -4.85732 -64.2155 
87.9075 -30.7081 -24.6406 
-112.841 9.23418 -64.7191 
94.874 -49.2514 15.7919 
17.527 -28.4177 98.3916 
-42.7798 -44.2516 35.3895 
99.6158 -75.9152 -13.3238 
-16.3669 -46.3531 29.4474 
78.8701 27.8943 -56.3558 
-35.3702 -30.6482 38.606 
-64.5083 -7.76607 -69.466 
57.6822 -43.3222 -26.8067 
40.4007 -17.4187 108.045 
20.7835 17.0851 77.0475 
-40.4883 -49.849 36.9365 
-83.6792 -10.6287 -76.6374 
16.7814 4.40297 120.134 
92.7766 -1.4613 -22.8404 
9.35896 2.39156 110.911 
-61.5223 -29.3326 17.9264 
-42.1369 -33.2743 28.7478 
6.95215 18.8059 100.242 
-123.028 -6.15099 -95.6308 
-42.9425 -30.2694 16.5661 
7.28974 18.087 55.9106 
-94.3935 11.6993 -81.3443 
38.6735 3.2855 124.684 
-78.439 26.9445 -88.237 
-54.6335 -46.4795 38.3057 
-93.5876 31.6332 -83.6871 
48.7945 -43.6606 93.2105 
-55.6609 -67.4289 9.54617 
-98.356 -12.9303 -102.589 
-119.654 41.296 -55.4681 
-42.1058 -34.6842 30.857 
-72.2461 -4.26241 -95.5758 
-105.919 25.9789 -95.9255 
92.1774 36.4271 -40.7799 
-59.239 -27.7768 8.28627 
95.4934 -4.34193 42.9309 
-69.969 27.7877 -101.659 
-56.8536 -42.7744 35.8587 
-48.2707 -53.5887 46.3588 
32.3108 29.1673 76.0515 
-108.977 16.2975 -91.6192 
14.5762 -37.5955 9.3237 
-86.7656 14.309 -34.4753 
0.839085 12.9171 83.2013 
-43.574 -42.5148 10.9825 
7.95432 0.0014658 62.4613 
133.438 -92.4806 -3.10779 
-82.4457 5.6249 -67.8344 
-56.5621 -30.8377 22.6674 
60.1762 28.6065 73.2627 
-123.291 15.8326 -73.9774 
-45.1383 -38.0801 59.2277 
32.4905 -97.7803 56.0402 
-66.9792 17.3239 -100.471 
29.4932 27.1242 66.2617 
94.7624 -46.6511 59.7685 
-126.737 18.9928 -106.098 
6.04518 -55.8352 25.1757 
9.83871 34.6891 115.876 
-49.337 -41.9322 39.2063 
35.8736 -38.4937 6.94055 
-30.4222 18.7048 81.7665 
-73.8147 60.4786 -68.5831 
20.817 16.946 55.2078 
-32.7368 -48.0313 13.2214 
-8.22594 8.72062 74.3702 
107.501 -9.2368 -59.5141 
-99.773 25.4992 -99.3725 
47.7817 7.70398 97.5838 
-15.6016 -54.7072 33.5638 
-94.0362 16.9886 -123.469 
31.3927 48.1226 72.4616 
-110.923 6.64656 -60.9061 
14.0773 -6.33843 57.6881 
-70.6802 -18.5069 -95.6556 
-44.6741 -40.2829 34.5258 
-114.235 47.7626 -72.8852 
-88.7512 26.6351 -96.1409 
-48.4049 -42.8521 50.0376 
0.763844 22.8677 104.987 
-58.005 -50.9962 -6.72241 
26.3844 -5.68239 73.0079 
143.082 -34.4642 -21.4743 
131.251 -20.0983 -23.1663 
-59.052 -32.1668 29.0873 
-102.846 29.6389 -66.0233 
-103.574 -20.8301 -99.3525 
15.6093 -15.6265 98.2778 
-56.7635 -45.2388 16.7128 
-111.935 69.2922 -93.1974 
41.2684 -46.8043 43.234 
13.0314 18.7337 102.169 
-100.854 25.0831 -74.0773 
56.6306 -40.7385 47.0889 
-101.545 -13.5157 -91.0155 
71.955 -100.827 45.4617 
64.7386 -69.118 -63.7827 
-103.043 -1.82707 -121.478 
-60.7784 -44.5638 7.37571 
-55.5324 -29.2548 26.8164 
-35.7864 -32.1265 24.6813 
-32.5175 -24.7516 18.8367 
33.1748 -51.5652 -16.3273 
8.21326 -59.7392 -45.0817 
-53.5415 38.9635 -110.221 
35.0837 -14.5649 78.0524 
66.8344 -44.0889 -34.9296 
-99.0604 26.8257 -86.959 
31.3695 0.411792 64.102 
56.4826 42.5295 97.0352 
57.8539 -5.91883 46.7574 
-71.0436 -35.6619 31.6209 
108.414 -32.1811 25.7556 
-81.6339 -2.71381 -76.7663 
50.4156 -15.5355 20.3818 
-38.4851 -32.0438 19.2394 
70.8558 6.71963 -19.7767 
42.9903 -73.3962 -31.1252 
42.8455 -4.57946 -50.312 
-47.7163 -34.6379 40.7101 
23.7459 -21.2113 -2.0016 
-3.56366 3.42485 47.211 
-84.2764 16.9676 -83.2917 
-79.3172 -2.67888 -70.354 
-91.0127 6.17733 -77.2552 
50.9312 -25.0574 -53.1218 
21.8244 9.86285 79.1369 
83.5188 -38.6347 35.7765 
-114.898 -13.7781 -61.0063 
-71.9581 32.8307 -72.9537 
88.2886 -98.4004 -57.6201 
11.9723 23.0758 74.9187 
-98.2445 -28.1886 -63.0362 
121.845 14.9461 -26.7441 
42.7905 -42.4419 4.89804 
64.6603 -38.449 7.94289 
-83.0849 1.20096 -84.5648 
65.6644 14.3213 86.2726 
-42.5593 -34.1531 11.9556 
-49.3254 -47.4152 10.6635 
-43.015 -50.5534 24.0039 
-59.9858 -33.4278 15.2423 
-66.7157 -40.4913 16.3589 
-42.8304 -40.3525 47.0696 
37.8761 -72.557 -50.3694 
-98.8458 2.21446 -75.0069 
-111.447 -21.3219 -56.8797 
107.843 -25.0258 -59.2163 
-19.8774 25.8554 68.3741 
-55.0429 -50.34 42.993 
-36.2828 -50.258 37.8367 
77.4585 -3.86832 97.662 
-39.5952 -62.4466 27.5385 
15.9155 26.9966 92.437 
-8.62907 -40.3526 26.6783 
-54.4926 -44.9426 25.7237 
-44.2198 -61.552 39.005 
9.65334 20.2002 43.5774 
-42.7226 -31.8134 32.7567 
-72.3435 21.2067 -69.3001 
-60.6784 57.9401 -39.35 
35.9243 -23.4951 -0.700692 
-37.8465 -51.1721 31.6589 
-35.4913 -42.4924 1.82124 
-56.5949 -44.4942 25.351 
-25.6908 -30.6349 22.0061 
-89.5752 52.967 -48.4131 
-46.7175 -49.9678 25.7302 
-57.8787 -36.2794 34.0741 
-79.5832 -12.4513 -99.5568 
-104.48 41.7396 -111.138 
48.3175 28.5742 101.867 
18.1702 27.9696 88.5584 
25.9364 -33.509 -37.1601 
-22.3958 -41.2733 52.513 
-35.6848 -43.2861 25.0783 
-63.262 5.63994 -83.9457 
-3.27763 -24.1326 17.9933 
8.65694 24.4379 74.5219 
-43.2874 -44.4972 30.24 
-30.6467 10.3665 -76.9887 
-35.2133 -34.3438 13.2209 
83.5481 -46.0715 65.0597 
-88.5786 15.1682 -72.3891 
-23.2334 3.06859 82.9044 
-54.1239 -68.4172 17.8636 
-68.4901 30.757 -84.7855 
-97.7397 -0.368916 -83.6673 
-81.5285 21.8355 -58.3596 
81.9437 -52.7206 -36.2233 
95.4746 -90.947 -23.3454 
-40.9116 -36.8892 17.8254 
-62.5904 -29.4357 -3.18368 
-46.9938 -44.5479 24.723 
-119.474 45.6184 -46.6219 
-72.9489 -10.9702 -52.6986 
10.4207 -7.58434 94.0204 
-39.8982 -48.1247 32.6656 
85.8962 -51.478 -62.5281 
-45.8624 -31.7322 34.5596 
19.0503 13.8877 97.5881 
-82.9858 53.1088 -75.7434 
-110.595 3.88351 -72.5359 
-34.471 -25.2755 18.2281 
-37.4992 -44.6707 38.5939 
-29.5966 -42.8483 32.0356 
-51.7605 -35.2972 22.5693 
9.44706 7.03927 122.948 
8.28476 -21.4315 49.1931 
-51.471 -13.0464 13.9943 
-56.7942 -45.1176 21.3468 
-71.7696 47.0327 -85.5861 
-79.4586 26.2004 -119.531 
5.44733 -1.73493 63.1546 
52.8813 51.756 50.6312 
-38.69 -45.3241 25.0555 
36.2111 10.7386 107.573 
-49.5401 -32.8829 25.7379 
17.8973 24.0359 64.6759 
-94.8027 -15.8362 -78.8781 
21.7495 19.6165 89.2021 
75.3777 -30.3206 -18.4125 
69.952 -52.7286 -6.77041 
57.2472 -79.2699 -10.899 
-10.3246 16.1424 49.5257 
14.9692 24.1753 83.9942 
74.3452 -24.1989 -19.0997 
-17.7379 16.4486 45.583 
32.9446 10.1589 75.6631 
84.113 -92.5531 -1.84702 
-55.1427 -61.795 28.0219 
27.9034 -7.0712 110.69 
49.3711 3.17401 68.9216 
-50.9129 -77.4114 49.105 
-56.0008 -43.479 40.2276 
-92.4389 -18.8398 -89.7376 
-53.5205 -24.5676 41.7108 
77.7298 -62.7272 -12.2166 
-2.07466 -21.4732 90.7423 
31.7771 -4.12583 66.9801 
21.0347 -3.64505 85.2923 
44.1766 -52.0797 -22.0256 
-4.34496 35.3863 102.174 
24.6434 -33.0832 84.0164 
-35.3776 -28.6193 22.2653 
-41.1788 -34.7781 36.9405 
-96.2476 4.61777 -73.0234 
48.9526 29.2009 -35.6795 
-97.5234 -3.72379 -51.5418 
69.0469 -91.3775 -44.6816 
21.4991 24.3683 87.1438 
84.8956 -54.5014 13.746 
0.559982 13.091 73.4987 
-36.93 -33.953 17.1763 
117.021 -54.6372 25.7049 
-20.2451 34.2947 69.924 
-43.5472 -18.335 34.2124 
-42.1011 -43.4235 49.8195 
-42.4509 -38.9808 14.2106 
-79.7489 20.0525 -114.38 
-78.7121 23.4537 -111.603 
-6.66396 -17.0407 85.0307 
124.606 -62.0005 22.3529 
99.8192 -46.6418 64.3854 
-92.548 -3.28699 -58.5543 
64.0026 -5.75137 25.6312 
-83.5856 38.7499 -72.2687 
-38.4646 -33.2182 28.11 
-117.613 28.0622 -96.0148 
7.25306 55.5445 119.049 
-108.514 37.1345 -100.869 
-34.5005 -55.7977 21.1285 
55.6482 -43.2464 -4.92357 
-105.612 16.205 -71.8543 
65.489 2.1712 75.9346 
43.9727 10.9216 91.201 
24.8529 -65.5114 -47.0745 
63.3819 -27.4406 -11.2287 
-39.953 3.12058 -63.5751 
90.6465 -84.8082 69.7375 
45.1965 42.481 78.1463 
-52.5529 -29.5922 13.3734 
-119.473 18.7555 -66.6503 
83.9156 -23.415 9.07175 
85.5186 -69.4939 -10.8621 
-98.4609 -13.0634 -66.3451 
-29.5268 -30.2348 34.8053 
17.8661 -13.772 99.9796 
21.8287 -15.3976 85.0196 
-4.00688 30.4376 102.398 
102.039 -24.2995 -60.8884 
-36.1629 -35.6394 30.5181 
-15.2595 12.4542 89.3532 
-104.623 17.3606 -77.1779 
80.5378 -38.6121 -10.8043 
53.3955 -29.9757 -35.3107 
-122.975 18.875 -100.038 
79.7658 -75.8199 15.4472 
-47.876 -30.9631 11.8592 
-44.5522 -59.3949 33.9775 
42.6271 -28.6499 89.2783 
111.937 -59.8822 -20.9163 
-74.8418 35.2044 -66.3683 
-95.0183 -5.07378 -73.8511 
-84.959 49.118 -119.846 
-101.539 53.2273 -96.5327 
-60.9105 -31.6176 27.7685 
68.7568 -13.4423 118.181 
-10.1027 -46.1066 -20.2366 
-51.2183 26.3497 -92.7482 
62.8557 -63.5284 -9.44322 
-85.4118 19.6967 -93.1549 
-53.9506 -33.3369 29.4583 
51.4914 29.2046 44.0711 
-128.606 21.6949 -76.3737 
39.0466 -65.9872 22.2872 
104.978 -166.217 16.1613 
-80.6766 10.217 -65.2866 
138.923 -32.0847 17.9064 
9.52727 -9.99811 133.103 
-28.3675 -51.6206 6.59102 
-45.1326 -30.1352 7.39085 
-60.7999 11.1405 -75.7666 
59.0063 -9.95309 -29.1928 
12.9493 6.63978 58.3688 
-77.4891 13.1286 -99.0538 
33.5408 23.7958 86.0795 
50.3881 -28.7544 104.897 
16.6302 3.13499 101.7 
-43.6013 -26.8007 35.4591 
-97.7187 -33.4802 -58.2761 
16.8484 12.1856 122.248 
40.9512 22.2368 37.385 
-32.9704 -8.97574 22.7808 
-62.0482 -35.0953 35.0569 
-25.8663 -28.1713 18.2819 
-114.62 34.3834 -83.3871 
-85.2047 1.44923 -86.9264 
80.9972 26.8595 116.82 
-92.8505 17.6901 -62.9774 
24.7238 -11.808 30.73 
-0.214739 26.8721 95.6207 
-35.1284 2.32473 68.5272 
-65.3803 -43.7535 9.11679 
38.0553 -74.156 10.4533 
12.3872 4.31235 64.7489 
-44.1647 -40.1139 25.2537 
32.3524 -69.1007 6.83724 
-42.8487 -36.0524 26.724 
57.2314 8.9877 88.1039 
4.55869 28.6344 111.154 
-77.8063 9.27554 -76.6385 
-28.3588 -26.2615 62.3942 
-105.439 25.922 -70.3715 
-12.1433 -7.85691 68.903 
-121.428 -5.29692 -118.659 
56.3091 9.39791 35.4623 
-62.7697 -43.3835 2.6382 
-91.6673 25.0329 -86.3144 
79.3927 -5.73558 18.0823 
54.868 -12.2784 11.3754 
-87.0209 -2.19056 -74.7105 
29.6537 -64.4949 -24.7356 
-76.798 22.1556 -72.4336 
-124.589 34.2351 -80.3366 
67.0368 2.3576 17.4642 
42.9691 -22.6283 73.9184 
-104.638 14.6076 -98.3311 
42.7819 -72.6658 12.0157 
-37.9442 8.58404 -65.946 
-4.24038 24.4199 87.471 
39.6818 -73.5299 -35.3653 
-4.40537 48.7923 79.5502 
-26.0415 -63.6246 40.1937 
23.2616 -37.0742 118.218 
-90.8307 -2.55421 -42.7922 
44.746 -21.2946 -16.58 
57.6528 -10.5871 84.3142 
-39.76 -47.6095 14.3969 
-47.1438 -57.1019 38.3968 
27.3143 0.661003 -58.75 
45.974 -33.0242 -8.4973 
-45.7026 -65.1834 25.1999 
-47.2227 -46.7235 37.5134 
101.413 -36.7269 16.5182 
21.5626 8.28365 73.0413 
69.5504 -31.7418 6.59277 
67.8598 -24.4294 19.0157 
-83.0705 13.0364 -63.8044 
-56.3153 -41.9894 35.244 
59.0371 -68.767 -77.3881 
87.4123 -22.6419 34.47 
-84.95 20.5443 -86.1183 
-76.8925 -30.6938 37.1842 
53.4097 -12.1488 38.7926 
-102.55 26.4442 -40.4878 
-55.5706 -28.2213 16.7007 
37.2667 -15.4342 66.0069 
-84.4516 39.0298 -103.418 
75.7886 -21.7039 59.7946 
57.5843 4.38677 106.688 
8.11609 45.7979 71.4144 
23.4398 7.00846 74.2031 
64.0734 -32.1411 44.2254 
-11.7478 -62.3885 18.0044 
-43.682 -52.9577 28.0304 
-48.3363 44.0828 -94.0392 
-73.523 30.3046 -115.346 
-49.0733 -35.8753 35.7908 
98.3743 -1.72031 33.6309 
36.4105 45.1962 74.3081 
89.1128 -52.2045 11.8951 
-6.97023 30.1361 54.1752 
30.1376 -19.9866 -9.20765 
57.8989 -138.535 29.7634 
-10.688 47.7883 94.9709 
-121.124 1.57972 -80.7375 
-58.9511 -46.0255 31.3728 
-60.5254 21.5989 -65.4538 
-91.6452 -17.2171 -89.937 
40.6709 -23.9616 7.89332 
96.9087 -61.2699 -14.9921 
1.39809 -37.3129 67.4148 
-87.025 49.5912 -63.1192 
-61.7839 -12.0786 -70.6219 
-128.519 30.3369 -80.9798 
-63.4437 -28.8997 28.8311 
-104.749 -0.326685 -107.677 
22 50.0776 68.8376 
-117.484 -0.323381 -49.0131 
-70.6408 23.4044 -97.9045 
-51.8785 -23.4378 -81.3974 
52.4113 18.3867 96.0435 
76.9749 -14.887 11.8303 
95.8921 -40.3479 -20.8582 
107.663 -19.897 25.1121 
29.4039 -10.4429 130.494 
-50.6681 32.7855 -94.744 
-90.5843 35.9623 -69.8178 
-47.368 -65.866 24.589 
-88.1927 11.675 -87.4077 
52.6153 4.97701 99.882 
-129.962 8.0451 -42.8345 
-141.778 -8.26163 -82.4326 
-92.7386 -0.0605507 -121.572 
-36.2956 -35.6853 23.8185 
-50.3088 -80.4551 26.1208 
-3.29196 3.79586 58.4016 
-71.6368 57.4372 -82.4111 
21.6539 -33.6673 108.336 
-93.3184 6.22631 -85.2654 
-39.6346 -46.7344 35.0628 
-22.6119 -43.9511 32.6315 
41.6007 19.7076 146.913 
49.2936 39.4275 87.1865 
-31.8632 -52.1456 26.6076 
-92.1492 -6.26288 -97.41 
-53.4589 -41.064 34.3072 
